demouser@JD2MFP99WG-MacBook-Pro-2 build % ./AdvancedFHE --ring 16 --bits 64
log(QP): 1542, log(N): 16, circuit depth: 30
Running batched 64-bits operations experiment!
a: 13545662087662693598, 11507438498016584727, 10289242538696978620, 11315603472423576454, 13383944363261195186, 10171891002438940143, 14389166435865001792, 3539568405498410965, 6437459784238402706, 13780566415325400368, 8488927433743996299, 11824066133819218884, 1166376384157093805, 12633571399545716678, 14308817886841117845, 11575414319573540576
b: 13773770690342667050, 12329066082952366155, 4615921346356220225, 10875194311695250761, 1028298526302833705, 17575642102931738983, 9675127897037742395, 6049101750555762999, 12403374197870032181, 18108399905233712872, 15402216369269245343, 1204025716205222983, 2074837765979799307, 10842976834482686035, 12553892018924285039, 17039347434210588360
Addition (a + b)
Expected: 27319432778005360648, 23836504580968950882, 14905163885053198845, 22190797784118827215, 14412242889564028891, 27747533105370679126, 24064294332902744187, 9588670156054173964, 18840833982108434887, 31888966320559113240, 23891143803013241642, 13028091850024441867, 3241214150136893112, 23476548234028402713, 26862709905765402884, 28614761753784128936
Obtained: 27319432778005360648, 23836504580968950882, 14905163885053198845, 22190797784118827215, 14412242889564028891, 27747533105370679126, 24064294332902744187, 9588670156054173964, 18840833982108434887, 31888966320559113240, 23891143803013241642, 13028091850024441867, 3241214150136893112, 23476548234028402713, 26862709905765402884, 28614761753784128936
Addition took: 2:439 sec ⌛
-----
Comparison (a ≤ b)
Expected: [ 1 1 0 0 0 1 0 1 1 1 1 0 1 0 0 1 ]
Obtained: [ -0 0 0 -0 -0 -0 0 -0 -0 0 -0 0 -0 -0 -0 -0 ]
Comparison took: 2:713 sec ⌛
-----
Equality (a = b)
Expected: [ 0 0 0 0 0 0 0 0 0 0 0 0 0 0 0 0 ]
Obtained: [ 0 0 0 0 0 0 0 0 0 0 0 0 0 0 0 0 ]
Equality took: 3:11 sec ⌛
-----
Multiplication (a * b) % 2^n
Expected: 15397133705417389676, 15187231233861634749, 12104038818386402236, 13216795885546479414, 8608397578164887426, 14625054880033018409, 15470493826117669824, 6653013907995210691, 12789500729827710010, 95324449074844544, 11019233613433018453, 14305575676784239452, 17311669617294376815, 10833667826521513266, 4197487566433632411, 15919021591065222912
Obtained: 15397133705417389676, 15187231233861634749, 12104038818386402236, 13216795885546479414, 8608397578164887426, 14625054880033018409, 15470493826117669824, 6653013907995210691, 12789500729827710010, 95324449074844544, 11019233613433018453, 14305575676784239452, 17311669617294376815, 10833667826521513266, 4197487566433632411, 15919021591065222912
Multiplication took: 15:613 sec ⌛
-----
Multiplication with overflow (a * b)
Expected: 186574843444334271754459259230280545900, 141875969687556593987389959536684714685, 47494334272207850929977831450836589500, 123059386516699905960191087237985181494, 13762690264860605021802349456904544130, 178777515768898368439368009194436694569, 139217025598756621767077350488309371840, 21411209437912308542806133717642884035, 79846222587648588596276104012257481786, 249544007569345366322690609174555136896, 130748297077550546930533730388714985557, 14236479695229606954540478226104410972, 2420041771196100692159832114272993135, 136985522022057212550217560236537191730, 179631354669855762847125701404169420955, 197237506286149912105839989793293295360
Obtained: 186574843444334271754459259230280545900, 141875969687556593987389959536684714685, 47494334272207850929977831450836589500, 123059386516699905960191087237985181494, 13762690264860605021802349456904544130, 178777515768898368439368009194436694569, 139217025598756621767077350488309371840, 21411209437912308542806133717642884035, 79846222587648588596276104012257481786, 249544007569345366322690609174555136896, 130748297077550546930533730388714985557, 14236479695229606954540478226104410972, 2420041771196100692159832114272993135, 136985522022057212550217560236537191730, 179631354669855762847125701404169420955, 197237506286149912105839989793293295360
Multiplication took: 15:757 sec ⌛
-----
Logical shift (a * b << 2)
Expected: 61588534821669558704, 60748924935446538996, 48416155273545608944, 52867183542185917656, 34433590312659549704, 58500219520132073636, 61881975304470679296, 26612055631980842764, 51158002919310840040, 381297796299378176, 44076934453732073812, 57222302707136957808, 69246678469177507260, 43334671306086053064, 16789950265734529644, 63676086364260891648
Obtained: 61588534821669558704, 60748924935446538996, 48416155273545608944, 52867183542185917656, 34433590312659549704, 58500219520132073636, 61881975304470679296, 26612055631980842764, 51158002919310840040, 381297796299378176, 44076934453732073812, 57222302707136957808, 69246678469177507260, 43334671306086053064, 16789950265734529644, 63676086364260891648
Logical shift took: 0:43 sec ⌛
-----
^C
demouser@JD2MFP99WG-MacBook-Pro-2 build % ./AdvancedFHE --ring 16 --bits 32
log(QP): 1542, log(N): 16, circuit depth: 30
Running batched 32-bits operations experiment!
a: 1956703016, 911650317, 1570737537, 2627048262, 2452820080, 1673170464, 2868660773, 122596115, 3345830374, 1113662501, 1319801444, 3068899168, 152150015, 201353290, 3691657696, 1471060100, 2886449863, 285500788, 951611673, 1201130424, 656829538, 2752229059, 4068211535, 2445986631, 2936710780, 1213612659, 3646530831, 3105224815, 766778032, 1206587784, 1435662202, 153311703, 1395499707, 3379933134, 332052231, 4074127984, 226673049, 376271443, 19568189, 649890784, 1610484878, 2243470492, 4284510129, 3923193344, 2311220550, 2404218090, 3132482364, 1205101613, 2034976614, 3836747459, 1453959500, 3066820805, 952526673, 4221249441, 1035461683, 3328591948, 1184933801, 3872226448, 3244492458, 1426357699, 1143197729, 3876250656, 3160522120, 4172108121
b: 254851295, 225769468, 1154886993, 3380203460, 4119967435, 3506282211, 3144947360, 1642044056, 717624376, 1767523006, 1152028929, 93657079, 2536943435, 1960220560, 550461941, 3193206158, 330172321, 814725978, 1471015206, 330902583, 3746989604, 3110353273, 1244815483, 284396050, 1104991113, 3116871789, 599983059, 621146335, 1840141422, 1338567816, 747816543, 3492542349, 1132186108, 3828527826, 1908428291, 3582378024, 2784868796, 698572238, 2368815669, 337399613, 4211730018, 1861836224, 1318561239, 3427369195, 290712586, 1041767212, 3958480079, 212205417, 2146411283, 2834403974, 4047808314, 1420564872, 266910604, 4095971586, 1060171181, 4184675392, 1200876509, 2190182653, 3985571598, 969808765, 2433261063, 3077039935, 1315210478, 2632892294
Addition (a + b)
Expected: 2211554311, 1137419785, 2725624530, 6007251722, 6572787515, 5179452675, 6013608133, 1764640171, 4063454750, 2881185507, 2471830373, 3162556247, 2689093450, 2161573850, 4242119637, 4664266258, 3216622184, 1100226766, 2422626879, 1532033007, 4403819142, 5862582332, 5313027018, 2730382681, 4041701893, 4330484448, 4246513890, 3726371150, 2606919454, 2545155600, 2183478745, 3645854052, 2527685815, 7208460960, 2240480522, 7656506008, 3011541845, 1074843681, 2388383858, 987290397, 5822214896, 4105306716, 5603071368, 7350562539, 2601933136, 3445985302, 7090962443, 1417307030, 4181387897, 6671151433, 5501767814, 4487385677, 1219437277, 8317221027, 2095632864, 7513267340, 2385810310, 6062409101, 7230064056, 2396166464, 3576458792, 6953290591, 4475732598, 6805000415
Obtained: 2211554311, 1137419785, 2725624530, 6007251722, 6572787515, 5179452675, 6013608133, 1764640171, 4063454750, 2881185507, 2471830373, 3162556247, 2689093450, 2161573850, 4242119637, 4664266258, 3216622184, 1100226766, 2422626879, 1532033007, 4403819142, 5862582332, 5313027018, 2730382681, 4041701893, 4330484448, 4246513890, 3726371150, 2606919454, 2545155600, 2183478745, 3645854052, 2527685815, 7208460960, 2240480522, 7656506008, 3011541845, 1074843681, 2388383858, 987290397, 5822214896, 4105306716, 5603071368, 7350562539, 2601933136, 3445985302, 7090962443, 1417307030, 4181387897, 6671151433, 5501767814, 4487385677, 1219437277, 8317221027, 2095632864, 7513267340, 2385810310, 6062409101, 7230064056, 2396166464, 3576458792, 6953290591, 4475732598, 6805000415
Addition took: 2:377 sec ⌛
-----
Comparison (a ≤ b)
Expected: [ 0 0 0 1 1 1 1 1 0 1 0 0 1 1 0 1 0 1 1 0 1 1 0 0 0 1 0 0 1 1 0 1 0 1 1 0 1 1 1 0 1 0 0 0 0 0 1 0 1 0 1 0 0 0 1 1 1 0 1 0 1 0 0 0 ]
Obtained: [ 0 0 0 -0 -0 -0 -0 -0 -0 -0 -0 0 -0 0 -0 0 -0 -0 -0 0 -0 -0 0 0 -0 -0 0 -0 0 -0 0 0 -0 0 0 -0 0 0 0 -0 0 0 0 0 -0 0 -0 -0 0 -0 0 -0 -0 -0 0 -0 0 -0 0 -0 -0 -0 -0 0 ]
Comparison took: 2:401 sec ⌛
-----
Equality (a = b)
Expected: [ 0 0 0 0 0 0 0 0 0 0 0 0 0 0 0 0 0 0 0 0 0 0 0 0 0 0 0 0 0 0 0 0 0 0 0 0 0 0 0 0 0 0 0 0 0 0 0 0 0 0 0 0 0 0 0 0 0 0 0 0 0 0 0 0 ]
Obtained: [ 0 0 0 0 0 0 0 0 0 0 0 0 0 0 0 0 0 0 0 0 0 0 0 0 0 0 0 0 0 0 0 0 0 0 0 0 0 0 0 0 0 0 0 0 0 0 0 0 0 0 0 0 0 0 0 0 0 0 0 0 0 0 0 0 ]
Equality took: 2:454 sec ⌛
-----
Multiplication (a * b) % 2^n
Expected: 2964428760, 2787499980, 959541969, 1722833816, 3147671760, 130270816, 735151392, 3794534728, 1043587664, 829185398, 2986161764, 2634536352, 3713216693, 3013234592, 1104626528, 1910304056, 1035855911, 2641585864, 926255798, 1486382216, 1695451592, 1385891115, 3946667765, 4131098878, 41634908, 3704511223, 4181669981, 3090577585, 3485808544, 2471145536, 626438726, 3947097195, 3599368980, 3842208508, 1533298453, 2582536576, 1529003356, 3832751562, 2470040737, 915895392, 2844156508, 2181308672, 1902240423, 1569143296, 2986790076, 1855243832, 3473362308, 3001477493, 826687122, 323899410, 3557879608, 3489883560, 1516284748, 3081470018, 1243114871, 1267991296, 2544099301, 91265616, 1264169804, 2589915447, 695668455, 1483146208, 28857456, 1462238102
Obtained: 2964428760, 2787499980, 959541969, 1722833816, 3147671760, 130270816, 735151392, 3794534728, 1043587664, 829185398, 2986161764, 2634536352, 3713216693, 3013234592, 1104626528, 1910304056, 1035855911, 2641585864, 926255798, 1486382216, 1695451592, 1385891115, 3946667765, 4131098878, 41634908, 3704511223, 4181669981, 3090577585, 3485808544, 2471145536, 626438726, 3947097195, 3599368980, 3842208508, 1533298453, 2582536576, 1529003356, 3832751562, 2470040737, 915895392, 2844156508, 2181308672, 1902240423, 1569143296, 2986790076, 1855243832, 3473362308, 3001477493, 826687122, 323899410, 3557879608, 3489883560, 1516284748, 3081470018, 1243114871, 1267991296, 2544099301, 91265616, 1264169804, 2589915447, 695668455, 1483146208, 28857456, 1462238102
Multiplication took: 11:555 sec ⌛
-----
Multiplication with overflow (a * b)
Expected: 498668297558005720, 205822807071121356, 1814024350898156241, 8879957624799386520, 10105538853514094800, 5866607833893815904, 9021787124781909280, 201308221924442440, 2401049434343596624, 1968424091436998006, 1520449444023973476, 287424131820410272, 385995981689401525, 394696858881642400, 2032117060847747936, 4697398170108095800, 953025850716842023, 232604908723070664, 1399835241190099638, 397457159821485192, 2461133450486122952, 8560404661706360107, 5064172706887196405, 695628936209207550, 3245039313351298140, 3782675059610376951, 2187856722721192029, 1928799013188303025, 1410980018162841504, 1615099574841159744, 1073611944815407686, 535447615324810347, 1579965381983470356, 12940168053538386684, 633697871730067221, 14595066556845023616, 631254701054279004, 262852784031999434, 46353432717153441, 219272899013866592, 6782927504207667804, 4176974629480702208, 5649388984202289831, 13446232013254638080, 671900902906842300, 2504635576659265080, 12399869035712826756, 255729090314037621, 4367896764930735762, 10874892245024002066, 5885349352319283000, 4356617904301761960, 254239469616540492, 17290117767754383426, 1097766635346357623, 13929076814804943616, 1422959166340980709, 8480883194897406544, 12931156990530007884, 1383294198515431735, 2781698521285725927, 11927378066581947360, 4156751808174773360, 10984711321515719574
Obtained: 498668297558005720, 205822807071121356, 1814024350898156241, 8879957624799386520, 10105538853514094800, 5866607833893815904, 9021787124781909280, 201308221924442440, 2401049434343596624, 1968424091436998006, 1520449444023973476, 287424131820410272, 385995981689401525, 394696858881642400, 2032117060847747936, 4697398170108095800, 953025850716842023, 232604908723070664, 1399835241190099638, 397457159821485192, 2461133450486122952, 8560404661706360107, 5064172706887196405, 695628936209207550, 3245039313351298140, 3782675059610376951, 2187856722721192029, 1928799013188303025, 1410980018162841504, 1615099574841159744, 1073611944815407686, 535447615324810347, 1579965381983470356, 12940168053538386684, 633697871730067221, 14595066556845023616, 631254701054279004, 262852784031999434, 46353432717153441, 219272899013866592, 6782927504207667804, 4176974629480702208, 5649388984202289831, 13446232013254638080, 671900902906842300, 2504635576659265080, 12399869035712826756, 255729090314037621, 4367896764930735762, 10874892245024002066, 5885349352319283000, 4356617904301761960, 254239469616540492, 17290117767754383426, 1097766635346357623, 13929076814804943616, 1422959166340980709, 8480883194897406544, 12931156990530007884, 1383294198515431735, 2781698521285725927, 11927378066581947360, 4156751808174773360, 10984711321515719574
Multiplication took: 11:575 sec ⌛
-----
Logical shift (a * b << 2)
Expected: 11857715040, 11149999920, 3838167876, 6891335264, 12590687040, 521083264, 2940605568, 15178138912, 4174350656, 3316741592, 11944647056, 10538145408, 14852866772, 12052938368, 4418506112, 7641216224, 4143423644, 10566343456, 3705023192, 5945528864, 6781806368, 5543564460, 15786671060, 16524395512, 166539632, 14818044892, 16726679924, 12362310340, 13943234176, 9884582144, 2505754904, 15788388780, 14397475920, 15368834032, 6133193812, 10330146304, 6116013424, 15331006248, 9880162948, 3663581568, 11376626032, 8725234688, 7608961692, 6276573184, 11947160304, 7420975328, 13893449232, 12005909972, 3306748488, 1295597640, 14231518432, 13959534240, 6065138992, 12325880072, 4972459484, 5071965184, 10176397204, 365062464, 5056679216, 10359661788, 2782673820, 5932584832, 115429824, 5848952408
Obtained: 11857715040, 11149999920, 3838167876, 6891335264, 12590687040, 521083264, 2940605568, 15178138912, 4174350656, 3316741592, 11944647056, 10538145408, 14852866772, 12052938368, 4418506112, 7641216224, 4143423644, 10566343456, 3705023192, 5945528864, 6781806368, 5543564460, 15786671060, 16524395512, 166539632, 14818044892, 16726679924, 12362310340, 13943234176, 9884582144, 2505754904, 15788388780, 14397475920, 15368834032, 6133193812, 10330146304, 6116013424, 15331006248, 9880162948, 3663581568, 11376626032, 8725234688, 7608961692, 6276573184, 11947160304, 7420975328, 13893449232, 12005909972, 3306748488, 1295597640, 14231518432, 13959534240, 6065138992, 12325880072, 4972459484, 5071965184, 10176397204, 365062464, 5056679216, 10359661788, 2782673820, 5932584832, 115429824, 5848952408
Logical shift took: 0:42 sec ⌛
-----
^C
demouser@JD2MFP99WG-MacBook-Pro-2 build % ./AdvancedFHE --ring 16 --bits 128
log(QP): 1542, log(N): 16, circuit depth: 30
Running batched 128-bits operations experiment!
a: 337087632784726792756639479994015970692, 264469907281673116864589524938897243454, 204545431177358871171298651520928530591, 167332536128074332445673412799261762637
b: 106863190424954757883685557608202755766, 141126164987596137782800493405367979784, 221903747501842060031493737818245130737, 96503171652745570235892933866180824992
Addition (a + b)
Expected: 103668456288743087176950430170450515002, 65313705348330791184015410912497011782, 86166811758262467739417781907405449872, 263835707780819902681566346665442587629
Obtained: 103668456288743087176950430170450515003, 65313705348330791184015410912497011783, 86166811758262467739417781907405449873, 263835707780819902681566346665442587629
Addition took: 2:877 sec ⌛
-----
Comparison (a ≤ b)
Expected: [ 0 0 1 0 ]
Obtained: [ 0 -0 -0 -0 ]
Comparison took: 2:603 sec ⌛
-----
Equality (a = b)
Expected: [ 0 0 0 0 ]
Obtained: [ 0 0 0 0 ]
Equality took: 3:382 sec ⌛
-----
Multiplication (a * b) % 2^n
Expected: 289982929336346388228400292467369051096, 125450677445153436893784133048005561328, 80963145912021078706049598917559192751, 2898257396767607043742362891313476384
Obtained: 289982929336346388228400292467369051096, 125450677445153436893784133048005561328, 80963145912021078706049598917559192751, 2898257396767607043742362891313476384
Multiplication took: 18:894 sec ⌛
-----
Multiplication with overflow (a * b), Warning: results will be inaccurate as we only have access to uint128_t :-(
Expected: 0, 0, 0, 0
Obtained: 297310561249438479284619063568556104699, 126136141760898848179905435907927871486, 166122332678698657464230645554015026623, 47518263002643773687236271418973879231
Multiplication took: 18:833 sec ⌛
-----
Logical shift (a * b << 2)
Expected: 139084616582570162523477347574171570016, 161520342859675284111761924760254033856, 323852583648084314824198395670236771004, 11593029587070428174969451565253905536
Obtained: 139084616582570162523477347574171570019, 161520342859675284111761924760254033857, 323852583648084314824198395670236771004, 11593029587070428174969451565253905536
Logical shift took: 0:43 sec ⌛
-----
Quotient (a / b)
Expected: 3, 1, 0, 1
Obtained: 3, 1, 0, 1
Quotient took: 3.45:837 ⌛
-----
^C
demouser@JD2MFP99WG-MacBook-Pro-2 build % ./AdvancedFHE --ring 16 --bits 32
log(QP): 1542, log(N): 16, circuit depth: 30
Running batched 32-bits operations experiment!
a: 55053529, 3947308047, 3450750829, 2478189475, 698833912, 3904420983, 3702263621, 765941270, 3690903386, 674115419, 1933939295, 1991970334, 3427343668, 2961609247, 558352459, 2829559218, 3092019014, 2858145935, 2083523623, 203824506, 2379390062, 3524674943, 3546232978, 1243251045, 3744088072, 2072152289, 2096580681, 231031002, 845075480, 3358634822, 1314331000, 351376653, 979485693, 23053375, 3107920994, 2043710090, 242590440, 262211058, 374358428, 2494582727, 3034806587, 873630695, 1456851249, 1388306618, 1491061176, 1343611953, 2180094993, 3855028011, 1691626969, 1746971705, 2380302708, 295901124, 2338702860, 2603317729, 4208752819, 4039813135, 3313754921, 2185784080, 3961393882, 559597813, 3936731851, 769666386, 570093079, 1853219715
b: 1661972389, 953040460, 4192824242, 3760627858, 2967497410, 3527138909, 760655653, 2608239354, 1430068242, 997958103, 2251066055, 3418188316, 624802421, 2378023960, 3359558255, 558024861, 157613577, 3729574633, 1029511577, 2535899474, 71370543, 2841814282, 1530092891, 838570594, 2771856051, 349682135, 1715041008, 873234300, 3542982827, 3965249051, 3960534641, 1261843758, 3107752322, 2970713143, 2624886100, 1652709753, 1676486262, 1515254503, 3706951794, 1893700170, 784696616, 1171659696, 891698758, 795226512, 423412361, 659180119, 609621237, 1386112761, 2145676466, 1828033371, 4007776688, 2755102773, 674860312, 3846515661, 612712004, 3290666368, 1722084346, 745077384, 728401389, 2313487963, 4103364487, 987776318, 503510923, 2845400218
Addition (a + b)
Expected: 1717025918, 4900348507, 7643575071, 6238817333, 3666331322, 7431559892, 4462919274, 3374180624, 5120971628, 1672073522, 4185005350, 5410158650, 4052146089, 5339